1	tarun@1	3527789089375171879	8919817306117587147	912846454902718856	105080615025112500866677626709867520641986048105647741218907291529536234202530
2	neeraj@2	4719619233218372993	7321742671090827090	4337090815778112417	88416174787681719453097035702710619815376724853848086511206418053807962491154
3	krishna@3	7381083138498285241	4695792260542133712	6436269954892524555	5715613954664251846414282262265639102187378879830779699663439770732163612009
1234	1234@1234	8373156841987808963	2191847845288522658	781088652174128745	10446940809513957414083904857795590158046239099300390566398955183184277301864
12345	12345@12345	3167740234294521857	3289330593726263613	528003130804946240	103411191789478430852012524090481643917678388320713915469598957575178283938353
12345	12345@12345	2797428482596869299	7442619384258384008	693974647097545660	103411191789478430852012524090481643917678388320713915469599080792874565304447
12345	12345@12345	7555989839530160591	4362473943446435542	6600712388579202108	103411191789478430852012524090481643917678388320713915469597651792616319427203
12345	12345@12345	4558686214203006101	9038894859040775621	1979999691301259613	103411191789478430852012524090481643917678388320713915469598411550185308361400
12345	12345@12345	2842569147661029191	6576839251654942251	2183056404763873803	103411191789478430852012524090481643917678388320713915469598051165597315619388
12345	12345@12345	6888063519888630593	4687451563176799950	1660870138760420904	103411191789478430852012524090481643917678388320713915469601555592682242177561
12345	12345@12345	3131621248529761919	7656994234480822879	1730847906550176932	103411191789478430852012524090481643917678388320713915469597638916626343665067
12345	12345@12345	2833327093823028739	206497968777391991	1471890440090119102	103411191789478430852012524090481643917678388320713915469597617473376740741837
12345	12345@12345	3757820389454650499	216674707035879578	1712143647901824527	103411191789478430852012524090481643917678388320713915469598759256033190833660
12345	12345@12345	4028890219733668979	2996865397641384479	559929166579134408	103411191789478430852012524090481643917678388320713915469597549901390964030667
12345	12345@12345	2266363113255513751	3593028932479319588	1745755431311622248	103411191789478430852012524090481643917678388320713915469596209336555609205135
12345	12345@12345	1764730111278738473	2565133875397916047	234845607428405843	103411191789478430852012524090481643917678388320713915469595888925623966142730
12345	12345@12345	866520874219148801	809681377644789559	751194678458968799	103411191789478430852012524090481643917678388320713915469596272441643735759790
12345	12345@12345	1037249408636249363	4685654220402839600	546016346705289042	103411191789478430852012524090481643917678388320713915469596881714582547725617
12345	12345@12345	2557270119973341557	3207622841217635581	1064837088134650851	103411191789478430852012524090481643917678388320713915469598880145262327387622
12345	12345@12345	862520827406416141	6275833097289814648	427370039586685138	103411191789478430852012524090481643917678388320713915469596836610794744495791
12345	12345@12345	2331427514162858879	5349675158436510180	1515935942309923160	103411191789478430852012524090481643917678388320713915469597216230971595343191
12345	12345@12345	6539029665191125951	9016537116242359752	5548142016026437625	103411191789478430852012524090481643917678388320713915469595130767735581295414
12345	12345@12345	2092875462404164499	7184178161957502824	1065575682002002011	103411191789478430852012524090481643917678388320713915469595311073101331508408
12345	12345@12345	5578752380224399109	2870044779776543815	1150697422974446455	103411191789478430852012524090481643917678388320713915469601125608048343173890
12345	12345@12345	7812781116442224487	6230020606680496861	3511342003441337039	103411191789478430852012524090481643917678388320713915469600133176294426206936
12345	12345@12345	4970912683363005781	5648134490327489679	452547238436237621	103411191789478430852012524090481643917678388320713915469601114294767114306320
12345	12345@12345	4153837105889201573	513583541047451261	1885102114179665790	103411191789478430852012524090481643917678388320713915469598747757861147952555
12345	12345@12345	2856794923091001463	3167093037858549050	2166537240787910946	103411191789478430852012524090481643917678388320713915469598015903918459012645
12345	12345@12345	8085206897590160957	4695603186578377418	4622373896641192522	103411191789478430852012524090481643917678388320713915469597558167020240513799
12345	12345@12345	4334426032267791701	7249136580103747915	3760300514541858316	103411191789478430852012524090481643917678388320713915469596984002459378721833
12345	12345@12345	571700611235068009	3103574538718502943	271833658212929149	103411191789478430852012524090481643917678388320713915469596110564703007584612
12345	12345@12345	1145852244539409487	3822859252132602363	418227558172047630	103411191789478430852012524090481643917678388320713915469597119524627459013169
12345	12345@12345	6660396790874382911	7816274113635569326	711010979484597178	103411191789478430852012524090481643917678388320713915469599458236523165949685
12345	12345@12345	2764279571261481877	7744471837275385931	2675018184762085389	103411191789478430852012524090481643917678388320713915469596500255428669011176
12345	12345@12345	1597807488148301413	6347780181785831932	508188338607896315	103411191789478430852012524090481643917678388320713915469595175735731200694254
12345	12345@12345	6703124290757893793	2087052127711839321	4750054830465233735	103411191789478430852012524090481643917678388320713915469595514598839222987414
12345	12345@12345	6094479174814263397	1219943022202752421	4534772613545488039	103411191789478430852012524090481643917678388320713915469604048759085308821938
12345	12345@12345	6538536042281502331	9151184658446758851	581034811643180515	103411191789478430852012524090481643917678388320713915469599964130798895756520
12345	12345@12345	9095747739259098889	5985277426116496573	8529054932617754426	103411191789478430852012524090481643917678388320713915469596994592692478076739
12345	12345@12345	1984492526835738781	4827248411335252677	548178862811786046	103411191789478430852012524090481643917678388320713915469595540480249399231699
12345	12345@12345	8089947387716421959	1482270793696149294	915387919891460809	103411191789478430852012524090481643917678388320713915469602430855141727272190
12345	12345@12345	1352786765013331961	4955032239412692924	614855763057990042	103411191789478430852012524090481643917678388320713915469595992150043990569235
12345	12345@12345	2626375604496709937	7474853170985109192	1498454671577874507	103411191789478430852012524090481643917678388320713915469597510666055118355978
12345	12345@12345	6676310832153889351	4720285741769410199	5085795958337768482	103411191789478430852012524090481643917678388320713915469595964263387868512533
12345	12345@12345	4162659086161080803	7271887181726322227	3268122592564903053	103411191789478430852012524090481643917678388320713915469594924814651279985182
12345	12345@12345	5132096539286056979	3263435642496511235	1384987934059249221	103411191789478430852012524090481643917678388320713915469599580025524570802470
12345	12345@12345	4553033637403997423	3639011617737530520	3572083086678537883	103411191789478430852012524090481643917678388320713915469596789024455184827652
12345	12345@12345	7374904411766185837	6566641804280969965	877471773945141487	103411191789478430852012524090481643917678388320713915469604051218265153470706
12345	12345@12345	6422582798918897893	7275432775088684368	4129553412003369526	103411191789478430852012524090481643917678388320713915469603333170775707649443
12345	12345@12345	4646818810374757399	7921800059765814744	1576361372959644366	103411191789478430852012524090481643917678388320713915469599464026390885548457
12345	12345@12345	7144020392081736623	8481423916759567603	3076853483428781139	103411191789478430852012524090481643917678388320713915469601484726464350099596
12345	12345@12345	8163448350063453701	4316066731713290456	2973195560829480939	103411191789478430852012524090481643917678388320713915469600442433056464162462
12345	12345@12345	3465066268243023779	2297480641645263540	827648559284552402	103411191789478430852012524090481643917678388320713915469598218066086447747585
12345	12345@12345	2250234525102262667	8562683262014584626	1638751933921054034	103411191789478430852012524090481643917678388320713915469596876540129572373417
12345	12345@12345	7129876654725022427	2640317978567842629	2063226098854755658	103411191789478430852012524090481643917678388320713915469602619738044367599841
12345	12345@12345	2730004634919276067	4294773657885818026	333398049727810694	103411191789478430852012524090481643917678388320713915469598661833989035607509
12345	12345@12345	2094873295119489029	8443157739272815723	1336691112906241471	103411191789478430852012524090481643917678388320713915469596726418299669473994
12345	12345@12345	77673419407777469	2662730211658682505	39223601889225138	103411191789478430852012524090481643917678388320713915469596294645698121117823
12345	12345@12345	239031392660052287	265929166535602095	16539105044516612	103411191789478430852012524090481643917678388320713915469596489089136165507403
12345	12345@12345	3423880857248895941	5438654954842400233	2820696489637968488	103411191789478430852012524090481643917678388320713915469596941065331521171165
12345	12345@12345	1016343535973282149	8657317980836759548	129428336544546614	103411191789478430852012524090481643917678388320713915469596747379287380887843
12345	12345@12345	3956288356678297043	1224453903894197573	3477541387118941132	103411191789478430852012524090481643917678388320713915469596219368727175049583
12345	12345@12345	1659461033402263691	3071356982138390987	1291161284589801363	103411191789478430852012524090481643917678388320713915469596234987141286289512
12345	12345@12345	1335828165039683363	3610042803833289836	246338446617755879	103411191789478430852012524090481643917678388320713915469595157998167761416372
12345	12345@12345	830135206884638617	3492080422021754048	526810617057214089	103411191789478430852012524090481643917678388320713915469596678008383351309920
12345	12345@12345	7903504365725991299	5410340632159498483	5692277504045664713	103411191789478430852012524090481643917678388320713915469598801110919419285306
12345	12345@12345	8250907390809997087	1895171524243204699	5902470666998213734	103411191789478430852012524090481643917678388320713915469598794054389150700553
12345	12345@12345	8262205641504612731	4643453301762407523	7216224469962740850	103411191789478430852012524090481643917678388320713915469595072841493821158009
12345	12345@12345	2828468271370490191	7372423018074373574	1343108589663423490	103411191789478430852012524090481643917678388320713915469597175777192535136829
12345	12345@12345	3164552078566787609	1201716378957386477	2802024214037893476	103411191789478430852012524090481643917678388320713915469596623213600616307725
12345	12345@12345	4104810922458285967	747948614419838088	3017528788690694008	103411191789478430852012524090481643917678388320713915469595179502859312115591
12345	12345@12345	824022161037953651	7788660247057545180	673789038866939510	103411191789478430852012524090481643917678388320713915469596539280389202178933
12345	12345@12345	1622218035016062593	2200032191831506221	210794965677212046	103411191789478430852012524090481643917678388320713915469594974800622713737343
12345	12345@12345	5862520151553823481	8987253590882349407	2809992691215455256	103411191789478430852012524090481643917678388320713915469601911645733456593297
12345	12345@12345	7231153836408959399	3232098708937994319	724895723592946437	103411191789478430852012524090481643917678388320713915469603771811224883602898
12345	12345@12345	7993854742865222507	3715555565909441773	7585425100424890276	103411191789478430852012524090481643917678388320713915469596146744619896380351
12345	12345@12345	8477601001952635403	5590851312908725284	5536700950270823313	103411191789478430852012524090481643917678388320713915469598071182831304730346
12345	12345@12345	5889168744224838617	2660934483954161206	4495319079097792238	103411191789478430852012524090481643917678388320713915469603662368741386641991
12345	12345@12345	7264515370153761101	8987919028315969974	2766839513235002682	103411191789478430852012524090481643917678388320713915469601114708259239365383
12345	12345@12345	695454418854371417	2101526933233002830	493909129861353496	103411191789478430852012524090481643917678388320713915469596770705176970753841
12345	12345@12345	547883442727075913	4465805220567006124	240173016023178907	103411191789478430852012524090481643917678388320713915469596100594225855895970
12345	12345@12345	2513486662928059787	6949030478169674277	829851265228863652	103411191789478430852012524090481643917678388320713915469599227863035087942239
12345	12345@12345	1007106100163020147	1843531830571479181	386761013401518023	103411191789478430852012524090481643917678388320713915469596940580716369329604
12345	12345@12345	6513998921531830583	8366010026783547862	2507512445544367782	103411191789478430852012524090481643917678388320713915469602703686268600971489
12345	12345@12345	2448599856749554813	348941382730063476	1008995957619009946	103411191789478430852012524090481643917678388320713915469599042644480620806807
12345	12345@12345	5764043062096309409	1926632861090162383	1550084053684724945	103411191789478430852012524090481643917678388320713915469600590470194305191680
12345	12345@12345	6709999136534347691	107178225788613321	207527719283823338	103411191789478430852012524090481643917678388320713915469600194436715506657841
12345	12345@12345	3774616840311585581	2546458838833827091	1491680150180892440	103411191789478430852012524090481643917678388320713915469598693088499642954565
12345	12345@12345	1679999704141393597	8114280230600726302	1374984062782286355	103411191789478430852012524090481643917678388320713915469596137925486089569246
12345	12345@12345	1176193412861450953	6371158233079217919	252622696107140533	103411191789478430852012524090481643917678388320713915469595306853852441114636
12345	12345@12345	5137889442021180389	7471308177442833024	2095418547367113328	103411191789478430852012524090481643917678388320713915469600600215651056465637
12345	12345@12345	1719609627696250553	3919034524655533756	871365430411827971	103411191789478430852012524090481643917678388320713915469595885323159236764362
12345	12345@12345	3485185248544585871	2409534950244061781	2676435729555355064	103411191789478430852012524090481643917678388320713915469594898560192183224903
12345	12345@12345	4764472883062225049	1223178823943095869	125445509153678946	103411191789478430852012524090481643917678388320713915469601048820012385048971
12345	12345@12345	2174315140467691087	7419821843072177790	60856852856971304	103411191789478430852012524090481643917678388320713915469595656232227314788631
12345	12345@12345	1235637897490371229	2144925095038334417	400864601339364220	103411191789478430852012524090481643917678388320713915469594917894500237596305
12345	12345@12345	7565056141432544957	4213679488390627374	1450890880576399979	103411191789478430852012524090481643917678388320713915469602436914914117235622
12345	12345@12345	3735175957399203557	5098561550537971820	1448844847981143725	103411191789478430852012524090481643917678388320713915469598477814199706947384
12345	12345@12345	646786948508277679	5837171536661768039	624796610060712679	103411191789478430852012524090481643917678388320713915469596423343263393703480
12345	12345@12345	7207207467250111361	3374910248380766688	1475794194635757485	103411191789478430852012524090481643917678388320713915469602175656561065526108
12345	12345@12345	5618795305244726623	2150486031350751643	928890953851911238	103411191789478430852012524090481643917678388320713915469600941453761899818601
12345	12345@12345	4086316905389018141	4612482995084455913	3792904005133761710	103411191789478430852012524090481643917678388320713915469596692637771839305667
12345	12345@12345	7713215372972440549	6790493399012337085	2051099942788507565	103411191789478430852012524090481643917678388320713915469601958901019426118456
12345	12345@12345	3713544214544133209	2739494189044834648	1280028706915509023	103411191789478430852012524090481643917678388320713915469598875790606045939766
12345	12345@12345	7287134525691966073	7132827434958793989	4205141175198341930	103411191789478430852012524090481643917678388320713915469600231365270120181283
12345	12345@12345	3175765558103189459	7030017063313099949	1584666239566106118	103411191789478430852012524090481643917678388320713915469598037012885925211813
12345	12345@12345	6055276235222445631	3231453488809543686	3611671328164687668	103411191789478430852012524090481643917678388320713915469603178089740559582843
12345	12345@12345	8738055193536836291	8481096810153818508	6029598584588921655	103411191789478430852012524090481643917678388320713915469599406064767792684676
12345	12345@12345	4505098796141197651	2004081094866460862	3012154475305732279	103411191789478430852012524090481643917678388320713915469595055974678099195540
12345	12345@12345	2782465216823258581	5047580187646214766	419386168752559787	103411191789478430852012524090481643917678388320713915469598802044682158111758
12345	12345@12345	4465739395353247639	4473904404930815517	1175575116191388231	103411191789478430852012524090481643917678388320713915469598884320156862212768
12345	12345@12345	2191418236713961477	1491144905106281914	1995596319849067996	103411191789478430852012524090481643917678388320713915469596024439862089382569
12345	12345@12345	8706629684676515239	4536437989402181814	7573707984768011568	103411191789478430852012524090481643917678388320713915469595163807200911728615
12345	12345@12345	4716958986559991047	8577545472971193186	1157801492311440842	103411191789478430852012524090481643917678388320713915469599804687938114492349
12345	12345@12345	1341681088197297013	1993540887963380689	714330903298989975	103411191789478430852012524090481643917678388320713915469595909061520095320978
12345	12345@12345	4929454529851840127	8150758220912700289	2238617373169990813	103411191789478430852012524090481643917678388320713915469600519215471090249106
12345	12345@12345	4837047843387409249	1720668340055084149	289654701573604072	103411191789478430852012524090481643917678388320713915469600795149306726598393
12345	12345@12345	6313927621899142463	3999993244870801273	1047337762725609058	103411191789478430852012524090481643917678388320713915469600367673947608955949
12345	12345@12345	5085223502253877237	6056479915557134307	1607731520689842058	103411191789478430852012524090481643917678388320713915469599842623075310864143
12345	12345@12345	6314959723163171897	107331332215065967	4941873384285340891	103411191789478430852012524090481643917678388320713915469595314421702561726354
12345	12345@12345	6844660616775542023	7877620829909978220	5488312736443039874	103411191789478430852012524090481643917678388320713915469595377691956946264821
12345	12345@12345	7987969200642349379	6070026029289051391	2698934884542764495	103411191789478430852012524090481643917678388320713915469601621655187291819004
12345	12345@12345	7538456005299944317	3993893529370765025	84358964127836483	103411191789478430852012524090481643917678388320713915469603781078998798292302
12345	12345@12345	142383729062299477	4381225679800347272	39604293257890892	103411191789478430852012524090481643917678388320713915469596340878366613703785
12345	12345@12345	3930451913711968471	3631208437049219333	3150662513637678268	103411191789478430852012524090481643917678388320713915469595459783547807038235
12345	12345@12345	8857502231445465383	6297547289945654937	2046546622769879897	103411191789478430852012524090481643917678388320713915469603145106859402884366
12345	12345@12345	4692418490287865989	3935210223699428369	429865467805831517	103411191789478430852012524090481643917678388320713915469600703876009454802600
12345	12345@12345	4015573155578617417	8867106038319065902	2615274547128568330	103411191789478430852012524090481643917678388320713915469595297193342070805299
12345	12345@12345	1925507583909523711	5245308684029647423	1237630936190558956	103411191789478430852012524090481643917678388320713915469597016222215031035235
12345	12345@12345	2719582972024733593	3670549601784321286	860057436013589013	103411191789478430852012524090481643917678388320713915469599161544573963176700
12345	12345@12345	3051463725423671639	3547057564736919120	850191404491818701	103411191789478430852012524090481643917678388320713915469598601575796375501034
12345	12345@12345	7613950533048124939	8378033729502486724	3090481392947110188	103411191789478430852012524090481643917678388320713915469601109289878794903639
12345	12345@12345	6800441149179988033	2263754625738179824	421692194544949590	103411191789478430852012524090481643917678388320713915469600465393843912627815
12345	12345@12345	1670055376166912857	4738577030684920766	487034078255140082	103411191789478430852012524090481643917678388320713915469595154753185068550363
12345	12345@12345	1685819689881466357	597429878135738445	486242069123914802	103411191789478430852012524090481643917678388320713915469595160051616477834935
12345	12345@12345	8284571800427828021	1834428796256630698	2404470850663752512	103411191789478430852012524090481643917678388320713915469599894614867496826629
12345	12345@12345	8438262627892404239	8759504837442417319	7115231575765527037	103411191789478430852012524090481643917678388320713915469594994143262342958722
12345	12345@12345	5801862773244066223	5956378658051980707	4379389596959687545	103411191789478430852012524090481643917678388320713915469603633760920242421158
12345	12345@12345	2334575025404359277	9151815888519077470	1475996712327163162	103411191789478430852012524090481643917678388320713915469597266493636259108871
12345	12345@12345	2083066194658957511	7590848842412338932	778621345411100378	103411191789478430852012524090481643917678388320713915469595102902509632237933
12345	12345@12345	7953886507426357679	8485590483421099248	2886286106629466996	103411191789478430852012524090481643917678388320713915469600883424419925101995
12345	12345@12345	3079387387819278763	7254599550375640199	2969134689759906069	103411191789478430852012524090481643917678388320713915469596443027484504412110
12345	12345@12345	6500731937826648227	7435941840215312769	3367021075728210223	103411191789478430852012524090481643917678388320713915469601846608382238355196
12345	12345@12345	25481756336961229	181024032081632781	16543201180036480	103411191789478430852012524090481643917678388320713915469596418239363582090301
12345	12345@12345	8067971437363315339	8435242733303856129	5689596065470451368	103411191789478430852012524090481643917678388320713915469598643846829719948115
12345	12345@12345	4087276854583490033	2114426432038679785	938818107177102720	103411191789478430852012524090481643917678388320713915469597150061876036198145
12345	12345@12345	8121938239811658443	7988315759627821676	5001268011702219240	103411191789478430852012524090481643917678388320713915469597176738977203360851
12345	12345@12345	7416071514421329257	3973370620629261535	1759385719218174900	103411191789478430852012524090481643917678388320713915469602570710832605774253
12345	12345@12345	19326582753012833	7305342718639555439	18654495983882873	103411191789478430852012524090481643917678388320713915469596408859604531296616
12345	12345@12345	2563817669759654137	80409090496294762	150709916930017709	103411191789478430852012524090481643917678388320713915469598608023589944858148
12345	12345@12345	7732640278602474497	7851437498304232422	2370975647748102004	103411191789478430852012524090481643917678388320713915469601622426748349101061
12345	12345@12345	4112637945939397757	8763390734185280480	2509828143886524031	103411191789478430852012524090481643917678388320713915469595886805147563234674
12345	12345@12345	8521083215792110153	749903116205610578	1940998821368843416	103411191789478430852012524090481643917678388320713915469603567539139301274017
12345	12345@12345	7504007527586672147	1163988880730556530	3223923769474017527	103411191789478430852012524090481643917678388320713915469600689473626481394068
12345	12345@12345	2296208476494114899	3041998004113578512	8055533325999968	103411191789478430852012524090481643917678388320713915469595598893645517367363
12345	12345@12345	9145648923711676801	7165761734684626088	7723724588976177498	103411191789478430852012524090481643917678388320713915469594872294973744539563
12345	12345@12345	494713767928838417	3719500248290297073	177692929233517216	103411191789478430852012524090481643917678388320713915469596074447527462634689
12345	12345@12345	3807524275379976097	4523834048720706342	349408072077278669	103411191789478430852012524090481643917678388320713915469597559358177749273884
12345	12345@12345	6513526802070498163	5468195249276754662	57132300464756718	103411191789478430852012524090481643917678388320713915469600540732687429188589
12345	12345@12345	1193511807173809273	4873513809963297979	804377857906357850	103411191789478430852012524090481643917678388320713915469595853547386172122451
12345	12345@12345	5125955708174133913	8930250472321125352	1440465037703290168	103411191789478430852012524090481643917678388320713915469599554645289743429841
12345	12345@12345	863101993051893997	5632331007613002326	320139261663229780	103411191789478430852012524090481643917678388320713915469596732158904855150793
12345	12345@12345	2148553850023295153	165180938764075080	2117700362762847727	103411191789478430852012524090481643917678388320713915469596360507702805789230
12345	12345@12345	6765782664274124741	8923348442646085514	3296037553118545079	103411191789478430852012524090481643917678388320713915469602185452330330020866
12345	12345@12345	7166752644957904441	5522766839515518882	3759026997148251713	103411191789478430852012524090481643917678388320713915469599662967185037012744
12345	12345@12345	4429667122513287001	8413565880442961016	1504990813769955614	103411191789478430852012524090481643917678388320713915469599177777716892018999
12345	12345@12345	1484473012523636293	5983634433042190253	585817824525200822	103411191789478430852012524090481643917678388320713915469595492912427010423939
12345	12345@12345	7553713024452760937	8519243343349906875	2695791159508298478	103411191789478430852012524090481643917678388320713915469601184508135284717815
12345	12345@12345	1701908402590340753	1307179567467432501	1200256359906687125	103411191789478430852012524090481643917678388320713915469596178998894287923572
12345	12345@12345	7128241529003728141	5244575641498960780	1147779013229928147	103411191789478430852012524090481643917678388320713915469603543322550143141038
12345	12345@12345	1527298428536831393	6907248259729939254	1334858733550087048	103411191789478430852012524090481643917678388320713915469596142412893296382297
12345	12345@12345	4805598626945938429	6587825782531173551	2907921704829726956	103411191789478430852012524090481643917678388320713915469604019096529848222817
12345	12345@12345	1525817979731335783	7795696342746380641	1147855383074520400	103411191789478430852012524090481643917678388320713915469595959586006481313863
12345	12345@12345	2045810331167394059	8504516404834463433	748073811991182617	103411191789478430852012524090481643917678388320713915469595111596162667606882
12345	12345@12345	993199733947701431	4464329705874002307	957062613121044506	103411191789478430852012524090481643917678388320713915469596373455070526590941
12345	12345@12345	7578056009980704359	4352331977146212353	2458624665490287078	103411191789478430852012524090481643917678388320713915469601654836803448625393
12345	12345@12345	1642108832396278321	166696346985104364	1076805518453570412	103411191789478430852012524090481643917678388320713915469595817052587649287725
12345	12345@12345	1496165720912698543	8979556870262726269	1388267395829348540	103411191789478430852012524090481643917678388320713915469596156798945030202211
12345	12345@12345	4897724482801593137	6508087777137159399	360645214638394844	103411191789478430852012524090481643917678388320713915469600843361146084942237
12345	12345@12345	144981088997338871	164584286807798975	64681853737794798	103411191789478430852012524090481643917678388320713915469596525932317116192105
12345	12345@12345	4503308236161557359	3601257677094217315	1138967660798228269	103411191789478430852012524090481643917678388320713915469597440795592387416882
12345	12345@12345	3717108697985121841	8150108250736644656	1688037020522194760	103411191789478430852012524090481643917678388320713915469598393222136576581129
12345	12345@12345	2478924597516983293	8713265706219424899	880582968312624727	103411191789478430852012524090481643917678388320713915469599158362170193373914
12345	12345@12345	4273519363694465683	8266794485654370106	1609682083681521338	103411191789478430852012524090481643917678388320713915469598924606931418782553
12345	12345@12345	2622082219410828679	7970473599406637340	2002687312380642919	103411191789478430852012524090481643917678388320713915469597875500002065951888
12345	12345@12345	651733303795544483	4104049425238736675	603707763259621894	103411191789478430852012524090481643917678388320713915469596345025573252265173
12345	12345@12345	2733622234844569451	6489895811189137663	934282314658868614	103411191789478430852012524090481643917678388320713915469599212925580862600605
12345	12345@12345	5254692683897275991	1282106821546504100	2910189675490293316	103411191789478430852012524090481643917678388320713915469603288264262194788195
12345	12345@12345	1337901677294592649	1234696811643935261	775725193519270659	103411191789478430852012524090481643917678388320713915469595846987989448716026
12345	12345@12345	8592180704561906759	8796460540530453626	1053533034417892853	103411191789478430852012524090481643917678388320713915469602634097506410344130
12345	12345@12345	28056944746163803	4664018131156259424	22227870861282899	103411191789478430852012524090481643917678388320713915469596397155041175496568
12345	12345@12345	3760525318555989281	4020870620067494299	1120241840400068771	103411191789478430852012524090481643917678388320713915469598159924677884855026
12345	12345@12345	8714059345505155087	3302515524616227591	834995788191119297	103411191789478430852012524090481643917678388320713915469602248233189547935934
12345	12345@12345	7200196680929940703	2619226994894528328	2454896863656280638	103411191789478430852012524090481643917678388320713915469600914508985658823057
12345	12345@12345	1753406620138203703	590774587620185595	351488884402266608	103411191789478430852012524090481643917678388320713915469595494338635550297271
12345	12345@12345	1961283422158826783	7532520193207321428	643105338495456198	103411191789478430852012524090481643917678388320713915469595304555491027597737
12345	12345@12345	4705836742791823069	5839888967285320172	1810880816265200111	103411191789478430852012524090481643917678388320713915469600451130752360429634
12345	12345@12345	3971809978764827989	1839751809359222404	1666432925476390418	103411191789478430852012524090481643917678388320713915469598698940553924598839
12345	12345@12345	234181637409533293	4227413950218601638	81121777681977490	103411191789478430852012524090481643917678388320713915469596546463622417939087
12345	12345@12345	8648526783439754767	7355192239890321793	3484195771784713076	103411191789478430852012524090481643917678388320713915469601608539665729569291
12345	12345@12345	4635635314130024257	2632078820683489691	3789524440430031337	103411191789478430852012524090481643917678388320713915469601868245592232002008
12345	12345@12345	3827737602209831327	1925272061989417507	2091743391688042872	103411191789478430852012524090481643917678388320713915469599285278433381398423
12345	12345@12345	2448123934320914299	4687897563219725254	792078541914633201	103411191789478430852012524090481643917678388320713915469599363381235438705658
12345	12345@12345	2633791984250867347	349720035235074529	1384692729404640506	103411191789478430852012524090481643917678388320713915469597294808550734546201
12345	12345@12345	4847531487390898703	1704207713079835680	4546713587874424431	103411191789478430852012524090481643917678388320713915469602472358821493521168
12345	12345@12345	6437027944656659803	8972148558988728007	1206964942481723496	103411191789478430852012524090481643917678388320713915469601483848284947001923
12345	12345@12345	8681050234007235011	7799778968460499301	320634632103361408	103411191789478430852012524090481643917678388320713915469602460403346709517619
12345	12345@12345	4205162997039960281	3986266536611205849	1024259281134495381	103411191789478430852012524090481643917678388320713915469597279862144375877948
12345	12345@12345	3056928030788529239	1028049622881058582	265620514692645890	103411191789478430852012524090481643917678388320713915469599202464236332658469
12345	12345@12345	7715421131765984449	1265375665398717860	5715560064902711412	103411191789478430852012524090481643917678388320713915469598445795098068329413
12345	12345@12345	1462975702381960519	8887263768687804416	1259670246270233949	103411191789478430852012524090481643917678388320713915469596035140526861432682
12345	12345@12345	5122194805963915597	7729092621872100860	1319794630946900400	103411191789478430852012524090481643917678388320713915469599524924030664576909
12345	12345@12345	4729804356675056179	4540891441911688228	4729198503787826022	103411191789478430852012524090481643917678388320713915469596409964947701333541
12345	12345@12345	4877322104949780683	9042473128611670801	3468825939732252973	103411191789478430852012524090481643917678388320713915469602206567906479554198
12345	12345@12345	6456774191463640771	6074114189372471912	4260162775293162965	103411191789478430852012524090481643917678388320713915469603433845780564352102
12345	12345@12345	4904516649602295521	5318727737614887477	1372361783177595264	103411191789478430852012524090481643917678388320713915469599646069346445142033
12345	12345@12345	5942137947257646331	683578966786933912	2074816559776019839	103411191789478430852012524090481643917678388320713915469601400854561757814516
12345	12345@12345	5950672776431001361	5527729131676432470	2507704705909909136	103411191789478430852012524090481643917678388320713915469602185207499953438449
12345	12345@12345	5195360564205779111	8477961201313381337	3636902675960404328	103411191789478430852012524090481643917678388320713915469602903771444283254463
12345	12345@12345	5972567596469986361	8893058345494362075	65322462482109977	103411191789478430852012524090481643917678388320713915469600010566461481940304
12345	12345@12345	1586668003431032051	1927215838698628902	841968802796209091	103411191789478430852012524090481643917678388320713915469595426319762523119680
12345	12345@12345	3214786953683739271	2407281392663066026	2486244115411542950	103411191789478430852012524090481643917678388320713915469596834149452047042129
12345	12345@12345	7272291448615995797	109914272648180784	4942779149820185737	103411191789478430852012524090481643917678388320713915469598718553441572553324
12345	12345@12345	5158977276001830419	6780876498877568575	4923302091009111299	103411191789478430852012524090481643917678388320713915469596461878003309589600
12345	12345@12345	6449599397307077659	226085203060572351	4586893548005145689	103411191789478430852012524090481643917678388320713915469603173143293253201714
12345	12345@12345	3006672642094672091	1370788467136903725	2557960517634185113	103411191789478430852012524090481643917678388320713915469597111275914863654962
12345	12345@12345	4618221517551008201	4725247748525358569	3789574352180396445	103411191789478430852012524090481643917678388320713915469601849650495027674916
12345	12345@12345	163042847007720973	6701661423359832083	99757002538678782	103411191789478430852012524090481643917678388320713915469596472586589238130819
12345	12345@12345	3604761563800910813	6384766214597268883	1101700760429293700	103411191789478430852012524090481643917678388320713915469597793221420766301225
12345	12345@12345	4861531084463839937	3343951787458841592	2032265533369427663	103411191789478430852012524090481643917678388320713915469600247402896035412862
12345	12345@12345	3912364491195822847	2986020813441692458	57915655759769633	103411191789478430852012524090481643917678388320713915469597381448055769843118
12345	12345@12345	8817430245137530021	5365859044218602659	3375382011969191240	103411191789478430852012524090481643917678388320713915469599542128199561758365
